00
00
00
00
00
00
00
00
00
00
00
00
00
00
00
00
00
00
00
00
00
00
00
00
00
00
00
00
00
00
00
00
00
00
00
00
00
00
00
00
00
00
00
00
00
00
00
00
00
00
00
00
00
00
00
00
00
00
00
00
00
00
00
00
00
00
00
00
00
00
00
00
00
00
00
00
00
00
00
00
00
00
00
00
00
00
00
00
00
00
00
00
00
00
00
00
00
00
00
00
00
00
00
00
00
00
00
00
00
00
00
00
00
00
00
00
00
00
00
00
00
00
00
00
00
00
00
00
00
00
00
00
00
00
00
00
00
00
00
00
00
00
00
00
00
00
00
00
00
00
00
00
00
00
00
00
00
00
00
00
00
00
00
00
00
00
00
00
00
00
00
00
00
00
00
00
00
00
00
00
00
00
00
00
00
00
00
00
00
00
00
00
00
00
00
00
00
00
00
00
00
00
00
00
00
00
00
00
00
00
00
00
00
00
00
00
00
00
00
00
00
00
00
00
00
00
00
00
00
00
00
00
00
00
00
00
00
00
00
00
00
00
00
00
00
00
00
00
00
00
00
00
00
00
00
00
00
00
00
00
00
00
00
00
00
00
00
00
00
00
00
00
00
00
00
00
00
00
00
00
00
00
00
00
00
00
00
00
00
00
00
00
00
00
00
00
00
00
00
00
00
00
00
00
00
00
00
00
00
00
00
00
00
00
00
00
00
00
00
00
00
00
00
00
00
00
00
00
00
00
00
00
00
00
00
00
00
00
00
00
00
00
00
00
00
00
00
00
00
00
00
00
00
00
00
00
00
00
00
00
00
00
00
00
00
00
00
00
00
00
00
00
00
00
00
00
00
00
00
00
00
00
00
00
00
00
00
00
00
00
00
00
00
00
00
00
00
00
00
00
00
00
00
00
00
00
00
00
00
00
00
00
00
00
00
00
00
00
00
00
00
00
00
00
00
00
00
00
00
00
00
00
00
00
00
00
00
00
00
00
00
00
00
00
00
00
00
00
00
00
00
00
00
00
00
00
00
00
00
00
00
00
00
00
00
00
00
00
00
00
00
00
00
00
00
00
00
00
00
00
00
00
00
00
00
00
00
00
00
00
00
00
00
00
00
00
00
00
00
00
00
00
00
00
00
00
00
00
00
00
00
00
00
00
00
00
00
00
00
00
00
00
00
00
00
00
00
00
00
00
00
00
00
00
00
00
00
00
00
00
00
00
00
00
00
00
00
00
00
00
00
00
00
00
00
00
00
00
00
00
00
00
00
00
00
00
00
00
00
00
00
00
00
00
00
00
00
00
00
00
00
00
00
00
00
00
00
00
00
00
00
00
00
00
00
00
00
00
00
00
00
00
00
00
00
00
00
00
00
00
00
00
00
00
00
00
00
00
00
00
00
00
00
00
00
00
00
00
00
00
00
00
00
00
00
00
00
00
00
00
00
00
00
00
00
00
00
00
00
00
00
00
00
00
00
00
00
00
00
00
00
00
00
00
00
00
00
00
00
00
00
00
00
00
00
00
00
00
00
00
00
00
00
00
00
00
00
00
00
00
00
00
00
00
00
00
00
00
00
00
00
00
00
00
00
00
00
00
00
00
00
00
00
00
00
00
00
00
00
00
00
00
00
00
00
00
00
00
00
00
00
00
00
00
00
00
00
00
00
00
00
00
00
00
00
00
00
00
00
00
00
00
00
00
00
00
00
00
00
00
00
00
00
00
00
00
00
00
00
00
00
00
00
00
00
00
00
00
00
00
00
00
00
00
63
2c
3d
43
49
28
24
55
40
32
08
08
1d
4f
46
48
0a
00
30
11
37
1b
16
61
4f
35
3c
30
63
00
00
00
63
2c
3d
43
49
28
24
55
40
32
08
08
1d
4f
46
48
0a
00
30
11
37
1b
16
61
4f
35
3c
30
61
39
17
3a
26
13
09
3e
61
3c
49
3c
52
19
13
10
03
1a
4c
30
1c
58
1e
0e
35
50
33
37
2d
02
13
57
2d
3a
42
1b
2a
2a
4e
16
4f
18
05
1b
52
45
2b
13
31
32
3b
5a
24
1e
0a
40
2d
11
34
50
37
18
05
51
2b
14
5f
2c
07
0f
12
05
34
00
3c
30
37
47
3f
4e
47
21
03
20
29
1d
2c
61
44
5f
37
2c
38
57
60
58
0c
41
4d
21
37
28
58
0d
13
1d
26
61
0f
32
33
2e
0f
22
18
57
4c
2e
40
1f
3e
09
5a
53
5c
1c
57
12
13
18
0b
5c
3b
08
01
08
3d
22
3f
50
1e
12
3a
58
1e
15
06
63
61
07
1a
43
0a
47
54
48
1d
45
16
3f
02
26
3f
2f
3a
4b
2f
24
61
0c
20
06
1d
53
56
5f
0a
0b
3e
10
0f
3f
5f
61
44
45
1c
19
38
25
39
09
49
3e
60
63
2a
1a
03
3e
58
29
03
5a
00
32
32
4a
37
1b
06
5a
23
3e
15
3d
02
04
10
58
38
2d
24
17
35
5c
05
34
5b
04
19
49
02
0b
01
0e
0e
0e
12
14
05
0a
53
4c
34
51
45
17
51
13
07
2d
1f
4b
0f
5c
02
29
58
4e
0e
52
16
4b
4e
16
33
40
07
24
02
52
27
06
06
40
53
37
57
1e
34
47
39
36
09
1e
62
39
57
1c
04
15
07
5e
30
3a
20
54
4b
61
25
03
23
3c
51
2d
31
10
03
31
28
13
20
5f
16
26
2b
2e
09
0e
35
35
0d
5c
19
26
48
23
59
37
5f
05
51
5f
1b
0a
18
3f
3a
1c
0d
39
46
4e
54
43
16
58
2d
34
11
0b
4f
1c
07
29
2d
02
13
26
2d
47
21
54
52
18
07
48
08
4e
47
46
25
21
4b
0f
06
4f
2d
25
2e
07
28
4f
16
2a
4f
56
02
04
14
13
03
2a
4b
41
42
1b
34
05
48
54
62
4d
36
3c
1e
1a
27
44
0b
35
02
1c
2f
07
52
3e
0f
10
39
5e
5e
51
4c
5e
48
11
35
47
14
5b
45
59
0a
58
24
53
5e
16
42
2d
05
24
43
1d
5b
24
1a
21
48
16
5d
0c
2b
52
30
1e
2b
2d
58
54
58
40
5a
2b
4f
30
0c
49
29
08
07
03
4d
1d
4b
14
22
5c
42
2d
06
42
53
3c
52
00
2e
3f
26
5b
03
17
0d
28
00
08
4c
25
02
1e
62
45
60
2c
4c
4a
16
25
5e
57
5c
00
46
2e
3b
24
4a
20
22
54
28
3f
39
23
02
41
06
3b
47
03
0e
13
21
4e
62
52
13
31
61
0a
21
17
39
2e
0e
3f
4c
23
45
1e
59
61
1d
2f
43
24
06
5e
35
51
1f
41
52
1b
26
62
3c
4d
34
47
2b
21
21
32
44
25
3c
15
2e
2a
5e
5d
5b
13
55
39
24
1f
43
06
1d
24
5c
50
21
06
51
08
00
63
15
3c
1e
3d
15
0a
1a
4f
16
3c
4b
08
1d
53
1b
28
38
0f
1d
17
04
46
5d
47
37
29
0d
24
52
27
0a
62
29
03
4f
4b
29
5d
32
34
12
3c
34
29
22
06
3e
42
56
0b
21
28
11
02
12
63
0e
2a
3e
3a
2d
50
37
42
33
5e
4c
36
35
0b
3e
0e
5f
60
20
0d
12
1b
1f
0d
34
25
5d
4a
3a
2a
4b
5a
26
4f
0a
4b
12
47
2b
09
21
3b
5d
02
21
1e
36
03
20
59
59
5d
07
5e
2b
08
1c
3b
2d
2e
1b
51
31
53
37
1a
0a
34
01
44
15
09
5e
3f
3e
14
49
25
43
22
4f
5b
57
28
2a
0a
56
5b
3b
4c
0c
23
28
21
3f
22
5e
31
29
0b
4f
56
0a
1d
2a
0a
21
22
4d
43
4d
00
4f
3a
33
4e
0b
41
2f
0a
56
37
4f
12
3d
5c
52
4c
11
1a
44
2a
4e
17
05
4a
31
44
39
26
25
0d
43
28
4c
52
5d
18
17
21
5e
3e
0b
05
35
61
46
4f
4e
34
11
63
36
5d
0f
61
4b
5f
17
50
00
50
59
13
62
22
2e
1a
34
19
60
4b
01
56
2c
22
1f
4b
1f
1e
3e
12
57
11
0d
26
13
51
40
58
44
37
36
4b
15
31
21
2e
41
17
59
35
00
4b
2d
42
57
36
44
49
14
24
56
27
56
5f
11
33
20
63
37
19
14
09
49
1b
02
56
51
31
29
29
17
2d
59
21
31
23
0a
0c
2d
11
42
2b
4f
5e
01
17
43
20
10
3f
48
1b
53
5a
1a
08
52
03
36
5a
0f
34
5f
60
61
25
07
60
10
61
3e
36
4b
2d
49
07
1a
37
0f
47
2e
24
30
59
19
56
10
0f
1e
59
07
02
39
40
28
42
07
3e
57
05
49
3e
0e
60
4d
3b
2b
0b
50
34
28
3e
2d
03
37
13
2f
35
1c
47
3f
56
00
57
04
38
0f
08
13
01
42
16
2c
40
55
10
2a
39
26
35
33
4e
2f
34
5b
24
04
26
0f
32
2d
40
2b
3a
27
43
61
2a
24
45
50
02
1b
3c
43
42
10
51
1c
5f
52
39
5b
61
3b
16
03
5b
54
4d
1a
4a
01
2b
58
17
61
26
22
28
06
19
58
41
1c
46
25
63
07
13
05
50
46
17
14
50
1d
2b
15
0c
17
2d
0d
19
5c
53
39
2f
19
06
55
03
16
50
16
4d
62
55
32
3e
2d
37
5f
4d
46
00
36
21
60
33
61
5e
14
3c
26
47
43
38
1e
18
0c
5d
54
5b
23
43
4e
0c
2b
50
26
3c
4f
27
45
23
1f
2f
2d
3e
3d
2a
03
17
13
18
1f
54
46
1a
02
18
3d
5f
61
1b
1a
2d
40
1c
2b
2b
3e
21
0d
16
0b
38
45
21
49
10
50
29
37
21
01
0c
33
27
00
36
0f
4f
06
56
36
2d
1a
27
4d
06
32
06
50
19
26
05
59
3c
2b
04
56
4b
60
63
59
51
1a
51
1a
51
2e
1f
60
47
1b
38
15
2b
60
1c
17
2e
3b
0e
35
10
0a
1e
13
19
56
16
21
5a
52
21
36
0b
35
3e
2f
1a
17
06
55
23
0d
44
3d
3a
0f
3c
5b
20
02
5a
49
15
02
5c
21
2d
4a
3b
18
53
41
32
30
52
5b
43
08
3a
00
5a
06
3a
38
63
42
3e
3c
47
19
47
58
42
41
3e
32
34
2f
21
32
5e
04
0c
1e
56
14
50
53
35
60
41
09
37
1f
31
17
48
00
42
3b
42
4e
14
01
37
53
5d
29
3c
39
5d
26
37
32
26
14
49
63
47
52
56
03
46
41
25
31
44
3b
33
37
30
63
48
14
3c
60
50
11
07
5c
23
4b
4d
23
52
48
39
20
48
3f
2c
0f
0d
51
23
50
21
5e
3f
2b
30
17
3a
19
0d
29
15
02
29
15
63
06
12
62
3d
29
17
2c
48
1a
46
2a
07
2f
17
12
5a
57
42
37
01
44
34
1c
0d
63
00
00
00
2c
00
00
00
3d
00
00
00
43
00
00
00
49
00
00
00
28
00
00
00
24
00
00
00
55
00
00
00
40
00
00
00
32
00
00
00
63
00
00
00
2c
00
00
00
3d
00
00
00
43
00
00
00
49
00
00
00
28
00
00
00
24
00
00
00
55
00
00
00
40
00
00
00
32
00
00
00
